49 0 0 0 0 0 1 0 0 0 0 0 0 0 0 0 0
0 126 22 0 2 0 8 1 4 0 5 1 9 1 0 2 3
0 7 151 0 4 4 1 3 5 4 2 16 10 5 0 0 6
0 1 1 219 2 0 0 1 22 2 0 0 0 0 1 1 0
0 3 1 2 153 3 5 2 52 0 8 0 3 4 1 7 0
0 2 8 0 11 187 3 2 11 4 1 1 3 4 0 14 4
0 2 9 0 17 0 140 4 1 6 3 5 11 25 0 5 3
0 6 5 2 18 3 5 170 10 0 8 1 4 1 0 7 5
0 1 1 13 8 4 0 1 230 1 1 0 0 0 0 0 2
1 0 11 1 4 3 4 2 5 200 0 3 4 3 0 2 0
0 0 1 0 5 3 1 5 8 3 235 0 0 0 0 0 2
0 0 25 0 0 0 1 0 0 3 0 227 1 1 0 4 2
0 9 7 0 1 5 5 2 3 3 1 6 193 8 0 6 13
0 0 4 0 0 1 7 0 0 2 0 4 0 230 0 1 1
0 1 3 7 13 3 0 3 30 5 2 2 0 2 183 2 1
0 0 1 0 3 0 0 0 1 1 0 0 0 3 0 253 0
0 1 3 0 4 4 0 3 1 0 0 3 5 6 0 3 213
